81011694324
22121224246
38060954936
03040260392
22090880569
24101474019
92043092593
00072461298
70120571128
69021871444
28050606843
04031155527
60041127824
59121098312
47040870546
84051881501
08103140979
36022210861
81080369625
14070289944
73082578534
83111507012
34120701226
35051358878
30070712555
82080952663
31021746748
21031760475
74100510498
37110628485
97042584443
10100691612
77061259829
42011502894
14112973949
84053090148
38070351081
85120767728
17050720044
06050732826
62112994133
04070278663
54052365298
38102600964
71022379366
98040310633
41090845628
00050637607
14122987649
65020689158
26120831503
61120458023
39120269463
55123179282
19042425903
54081162142
84050835569
34062103049
62080553014
21050719198
90040932189
96112564601
82041843142
48111681757
63090481283
13060861851
14081337227
98111167595
62082632859
02061655086
25020852425
45011336346
22061759221
61052972756
26082643504
21113000073
86021834373
18011909981
84112910154
85010917897
18011111371
40022709582
51122381763
46082286781
61070504798
23070301471
76090313764
65061063884
28060302492
79121110488
41030930881
63050390285
42042046526
19021418085
75061494265
47071651148
71031329978
68071365837
46020306515
78122259261
